MSE: 0.023380381532001452
MAE: 0.0808853493903665
SSIM: 0.5117639114885305
PSNR: 16.31148406095867
